217262402.928293,258922861.628370,283411782.814045,259698725.008739
217263045.715346,258923708.669679,283411099.062774,259699471.189259
217264331.284962,258925402.741661,283409731.552277,259700963.543011
217266259.629287,258927943.825698,283407680.268633,259703202.057237
217268830.737106,258931331.895196,283404945.191954,259706186.713714
217272044.593841,258935566.915585,283401526.296387,259709917.488749
217275901.181556,258940648.844316,283397423.550115,259714394.353184
217280400.478965,258946577.630869,283392636.915352,259719617.272390
217285542.461435,258953353.216747,283387166.348352,259725586.206270
217291327.100991,258960975.535484,283381011.799401,259732301.109260
217297754.366327,258969444.512642,283374173.212823,259739761.930321
217304824.222810,258978760.065816,283366650.526979,259747968.612948
217312536.632493,258988922.104636,283358443.674267,259756921.095163
217320891.554121,258999930.530768,283349552.581126,259766619.309513
217329888.943146,259011785.237920,283339977.168032,259777063.183076
217339528.751737,259024486.111841,283329717.349501,259788252.637453
217349810.928790,259038033.030328,283318773.034093,259800187.588770
217360735.419948,259052425.863227,283307144.124408,259812867.947675
217372302.167608,259067664.472436,283294830.517092,259826293.619341
217384511.110943,259083748.711914,283281832.102835,259840464.503459
217397362.185915,259100678.427678,283268148.766371,259855380.494241
217410855.325293,259118453.457815,283253780.386485,259871041.480416
217424990.458673,259137073.632479,283238726.836009,259887447.345229
217439767.512494,259156538.773901,283222987.981826,259904597.966441
217455186.410060,259176848.696395,283206563.684872,259922493.216322
217471247.071563,259198003.206358,283189453.800136,259941132.961659
217487949.414101,259220002.102279,283171658.176663,259960517.063742
217505293.351707,259242845.174747,283153176.657554,259980645.378372
217523278.795367,259266532.206451,283134009.079971,260001517.755854
217541905.653049,259291062.972192,283114155.275138,260023134.040996
217561173.829726,259316437.238885,283093615.068338,260045494.073106
217581083.227409,259342654.765570,283072388.278925,260068597.685992
217601633.745169,259369715.303414,283050474.720317,260092444.707957
217622825.279167,259397618.595723,283027874.200001,260117034.961797
217644657.722689,259426364.377945,283004586.519540,260142368.264801
217667130.966170,259455952.377681,282980611.474568,260168444.428746
217690244.897235,259486382.314690,282955948.854798,260195263.259893
217713999.400724,259517653.900898,282930598.444020,260222824.558989
217738394.358731,259549766.840407,282904560.020109,260251128.121258
217763429.650640,259582720.829503,282877833.355023,260280173.736406
217789105.153157,259616515.556662,282850418.214809,260309961.188608
217815420.740355,259651150.702563,282822314.359603,260340490.256515
217842376.283706,259686625.940095,282793521.543635,260371760.713243
217869971.652126,259722940.934365,282764039.515230,260403772.326375
217898206.712012,259760095.342708,282733868.016815,260436524.857955
217927081.327289,259798088.814700,282703006.784916,260470018.064485
217956595.359448,259836920.992162,282671455.550168,260504251.696922
217986748.667597,259876591.509173,282639214.037313,260539225.500675
218017541.108501,259917099.992082,282606281.965205,260574939.215599
218048972.536633,259958446.059514,282572659.046815,260611392.575996
218081042.804220,260000629.322386,282538344.989231,260648585.310606
218113751.761296,260043649.383912,282503339.493667,260686517.142606
218147099.255749,260087505.839618,282467642.255460,260725187.789606
218181085.133376,260132198.277352,282431252.964079,260764596.963644
218215709.237936,260177726.277294,282394171.303127,260804744.371183
218250971.411202,260224089.411969,282356396.950343,260845629.713106
218286871.493023,260271287.246260,282317929.577609,260887252.684712
218323409.321376,260319319.337417,282278768.850952,260929612.975714
218360584.732430,260368185.235069,282238914.430550,260972710.270228
218398397.560602,260417884.481240,282198365.970733,261016544.246778
218436847.638621,260468416.610356,282157123.119990,261061114.578283
218475934.797592,260519781.149264,282115185.520973,261106420.932057
218515658.867060,260571977.617237,282072552.810500,261152462.969805
218556019.675076,260625005.525994,282029224.619561,261199240.347614
218597017.048266,260678864.379708,281985200.573320,261246752.715951
218638650.811900,260733553.675024,281940480.291123,261294999.719658
218680920.789964,260789072.901066,281895063.386501,261343980.997949
218723826.805230,260845421.539457,281848949.467175,261393696.184399
218767368.679334,260902599.064328,281802138.135058,261444144.906945
218811546.232851,260960604.942334,281754628.986266,261495326.787878
218856359.285370,261019438.632667,281706421.611118,261547241.443838
218901807.655577,261079099.587073,281657515.594143,261599888.485807
218947891.161338,261139587.249860,281607910.514082,261653267.519109
218994609.619776,261200901.057919,281557605.943901,261707378.143398
219041962.847362,261263040.440734,281506601.450786,261762219.952655
219089950.659999,261326004.820400,281454896.596157,261817792.535183
219138572.873111,261389793.611634,281402490.935669,261874095.473603
219187829.301735,261454406.221792,281349384.019217,261931128.344843
219237719.760615,261519842.050885,281295575.390944,261988890.720137
219288244.064295,261586100.491593,281241064.589247,262047382.165015
219339402.027214,261653180.929278,281185851.146780,262106602.239302
219391193.463811,261721082.742002,281129934.590461,262166550.497106
219443618.188623,261789805.300544,281073314.441478,262227226.486818
219496676.016389,261859347.968411,281015990.215297,262288629.751099
219550366.762154,261929710.101855,280957961.421664,262350759.826881
219604690.241384,262000891.049891,280899227.564613,262413616.245354
219659646.270068,262072890.154311,280839788.142475,262477198.531963
219715234.664838,262145706.749698,280779642.647880,262541506.206401
219771455.243081,262219340.163447,280718790.567763,262606538.782603
219828307.823060,262293789.715774,280657231.383376,262672295.768736
219885792.224033,262369054.719738,280594964.570289,262738776.667198
219943908.266376,262445134.481255,280531989.598400,262805980.974605
220002655.771713,262522028.299111,280468305.931937,262873908.181788
220062034.563040,262599735.464985,280403913.029472,262942557.773786
220122044.464864,262678255.263457,280338810.343921,263011929.229836
220182685.303330,262757586.972030,280272997.322554,263082022.023368
220243956.906365,262837729.861146,280206473.407002,263152835.621998
220305859.103819,262918683.194197,280139238.033264,263224369.487521
220368391.727606,263000446.227548,280071290.631714,263296623.075901
220431554.611855,263083018.210547,280002630.627105,263369595.837266
220495347.593059,263166398.385548,279933257.438583,263443287.215901
220559770.510230,263250585.987920,279863170.479689,263517696.650239
220624823.205060,263335580.246069,279792369.158368,263592823.572852
220690505.522077,263421380.381449,279720852.876976,263668667.410447
220756817.308817,263507985.608583,279648621.032289,263745227.583855
220823758.415987,263595395.135076,279575673.015509,263822503.508024
220891328.697644,263683608.161630,279502008.212275,263900494.592012
220959528.011368,263772623.882066,279427626.002664,263979200.238979
221028356.218445,263862441.483330,279352525.761207,264058619.846178
221097813.184053,263953060.145517,279276706.856893,264138752.804945
221167898.777452,264044479.041883,279200168.653174,264219598.500696
221238612.872177,264136697.338862,279122910.507981,264301156.312913
221309955.346241,264229714.196078,279044931.773724,264383425.615140
221381926.082334,264323528.766366,278966231.797307,264466405.774972
221454524.968037,264418140.195780,278886809.920133,264550096.154047
221527751.896030,264513547.623615,278806665.478110,264634496.108039
221601606.764318,264609750.182415,278725797.801666,264719604.986648
221676089.476449,264706746.997993,278644206.215752,264805422.133589
221751199.941749,264804537.189442,278561890.039854,264891946.886588
221826938.075556,264903119.869150,278478848.588000,264979178.577370
221903303.799458,265002494.142815,278395081.168770,265067116.531652
221980297.041547,265102659.109456,278310587.085305,265155760.069129
222057917.736667,265203613.861428,278225365.635313,265245108.503474
222136165.826677,265305357.484435,278139416.111084,265335161.142320
222215041.260719,265407889.057542,278052737.799493,265425917.287255
222294543.995486,265511207.653187,277965329.982014,265517376.233813
222374673.995509,265615312.337194,277877191.934727,265609537.271464
222455431.233438,265720202.168785,277788322.928327,265702399.683604
222536815.690346,265825876.200588,277698722.228137,265795962.747545
222618827.356020,265932333.478653,277608389.094113,265890225.734508
222701466.229284,266039573.042456,277517322.780855,265985187.909610
222784732.318309,266147593.924914,277425522.537621,266080848.531859
222868625.640944,266256395.152393,277332987.608330,266177206.854139
222953146.225052,266365975.744713,277239717.231577,266274262.123202
223038294.108854,266476334.715163,277145710.640642,266372013.579662
223124069.341285,266587471.070503,277050967.063498,266470460.457978
223210471.982357,266699383.810972,276955485.722825,266569601.986451
223297502.103534,266812071.930298,276859265.836017,266669437.387207
223385159.788114,266925534.415697,276762306.615192,266769965.876195
223473445.131627,267039770.247884,276664607.267205,266871186.663169
223562358.242238,267154778.401075,276566166.993660,266973098.951681
223651899.241168,267270557.842990,276466984.990914,267075701.939073
223742068.263121,267387107.534852,276367060.450094,267178994.816463
223832865.456723,267504426.431397,276266392.557106,267282976.768736
223924290.984981,267622513.480867,276164980.492643,267387646.974532
224016345.025747,267741367.625011,276062823.432202,267493004.606239
224109027.772200,267860987.799086,275959920.546089,267599048.829979
224202339.433339,267981372.931852,275856270.999434,267705778.805597
224296280.234493,268102521.945570,275751873.952199,267813193.686654
224390850.417847,268224433.755996,275646728.559194,267921292.620412
224486050.242980,268347107.272374,275540833.970083,268030074.747824
224581879.987421,268470541.397429,275434189.329399,268139539.203526
224678339.947225,268594735.027359,275326793.776556,268249685.115822
224775430.437559,268719687.051823,275218646.445858,268360511.606675
224873151.793315,268845396.353927,275109746.466512,268472017.791695
224971504.369734,268971861.810217,275000092.962640,268584202.780129
225070488.543056,269099082.290653,274889685.053292,268697065.674848
225170104.711184,269227056.658602,274778521.852454,268810605.572337
225270353.294376,269355783.770810,274666602.469067,268924821.562683
225371234.735951,269485262.477387,274553926.007033,269039712.729563
225472749.503026,269615491.621780,274440491.565228,269155278.150234
225574898.087271,269746470.040745,274326298.237519,269271516.895519
225677681.005690,269878196.564326,274211345.112770,269388428.029799
225781098.801430,270010670.015817,274095631.274861,269506010.610996
225885152.044609,270143889.211729,273979155.802695,269624263.690565
225989841.333186,270277852.961761,273861917.770214,269743186.313484
226095167.293845,270412560.068752,273743916.246411,269862777.518237
226201130.582916,270548009.328644,273625150.295344,269983036.336804
226307731.887330,270684199.530433,273505618.976146,270103961.794650
226414971.925599,270821129.456124,273385321.343041,270225552.910714
226522851.448838,270958797.880675,273264256.445356,270347808.697392
226631371.241819,271097203.571940,273142423.327534,270470728.160531
226740532.124060,271236345.290614,273019821.029149,270594310.299411
226850334.950955,271376221.790161,272896448.584917,270718554.106736
226960780.614948,271516831.816747,272772305.024711,270843458.568624
227071870.046738,271658174.109171,272647389.373575,270969022.664586
227183604.216544,271800247.398776,272521700.651738,271095245.367523
227295984.135401,271943050.409374,272395237.874623,271222125.643709
227409010.856513,272086581.857150,272268000.052871,271349662.452776
227522685.476654,272230840.450569,272139986.192343,271477854.747708
227637009.137620,272375824.890269,272011195.294144,271606701.474821
227751983.027738,272521533.868960,271881626.354631,271736201.573756
227867608.383433,272667966.071298,271751278.365430,271866353.977461
227983886.490853,272815120.173771,271620150.313451,271997157.612184
228100818.687559,272962994.844559,271488241.180899,272128611.397454
228218406.364279,273111588.743399,271355549.945294,272260714.246073
228336650.966736,273260900.521437,271222075.579479,272393465.064099
228455553.997544,273410928.821064,271087817.051640,272526862.750835
228575117.018182,273561672.275755,270952773.325321,272660906.198816
228695341.651047,273713129.509884,270816943.359434,272795594.293796
228816229.581594,273865299.138535,270680326.108278,272930925.914730
228937782.560564,274018179.767304,270542920.521555,273066899.933770
229060002.406299,274171769.992078,270404725.544380,273203515.216241
229182891.007163,274326068.398809,270265740.117304,273340770.620637
229306450.324059,274481073.563273,270125963.176322,273478664.998599
229430682.393057,274636784.050808,269985393.652894,273617197.194910
229555589.328138,274793198.416039,269844030.473956,273756366.047472
229681173.324048,274950315.202589,269701872.561940,273896170.387303
229807436.659294,275108132.942768,269558918.834787,274036609.038512
229934381.699257,275266650.157237,269415168.205965,274177680.818294
230062010.899453,275425865.354663,269270619.584482,274319384.536912
230190326.808943,275585777.031338,269125271.874905,274461718.997686
230319332.073897,275746383.670786,268979123.977375,274604682.996974
230449029.441320,275907683.743335,268832174.787624,274748275.324163
230579421.762959,276069675.705666,268684423.196988,274892494.761653
230710511.999387,276232358.000330,268535868.092431,275037340.084844
230842303.224288,276395729.055239,268386508.356554,275182810.062119
230974798.628943,276559787.283112,268236342.867613,275328903.454833
231108001.526942,276724531.080897,268085370.499541,275475619.017297
231241915.359116,276889958.829144,267933590.121960,275622955.496766
231376543.698726,277056068.891346,267781000.600198,275770911.633420
231511890.256907,277222859.613223,267627600.795308,275919486.160355
231647958.888389,277390329.321970,267473389.564086,276068677.803566
231784753.597508,277558476.325440,267318365.759085,276218485.281931
231922278.544540,277727298.911286,267162528.228635,276368907.307201
232060538.052354,277896795.346030,267005875.816860,276519942.583979
232199536.613427,278066963.874070,266848407.363695,276671589.809712
232339278.897234,278237802.716621,266690121.704905,276823847.674673
232479769.758034,278409310.070579,266531017.672099,276976714.861945
232621014.243090,278581484.107295,266371094.092756,277130190.047409
232763017.601342,278754322.971275,266210349.790232,277284271.899729
232905785.292570,278927824.778767,266048783.583787,277438959.080335
233049322.997075,279101987.616261,265886394.288601,277594250.243410
233193636.625921,279276809.538862,265723180.715789,277750144.035875
233338732.331770,279452288.568548,265559141.672422,277906639.097371
233484616.520360,279628422.692294,265394275.961549,278063734.060251
233631295.862667,279805209.860053,265228582.382207,278221427.549556
233778777.307802,279982647.982573,265062059.729448,278379718.183006
233927068.096699,280160734.929050,264894706.794353,278538604.570986
234076175.776655,280339468.524589,264726522.364054,278698085.316523
234226108.216782,280518846.547466,264557505.221751,278858159.015279
234376873.624443,280698866.726158,264387654.146730,279018824.255532
234528480.562752,280879526.736140,264216967.914387,279180079.618162
234680937.969220,281060824.196402,264045445.296241,279341923.676633
234834255.175636,281242756.665685,263873085.059961,279504354.996981
234988441.929292,281425321.638386,263699885.969378,279667372.137796
235143508.415650,281608516.540109,263525846.784509,279830973.650209
235299465.282589,281792338.722832,263350966.261575,279995158.077874
235456323.666344,281976785.459639,263175243.153025,280159923.956953
235614095.219309,282161853.938979,262998676.207549,280325269.816103
235772792.139846,282347541.258401,262821264.170105,280491194.176457
235932427.204283,282533844.417705,262643005.781933,280657695.551609
236093013.801311,282720760.311459,262463899.780581,280824772.447600
236254565.968982,282908285.720788,262283944.899921,280992423.362902
236417098.434565,283096417.304382,262103139.870174,281160646.788399
236580626.657517,283285151.588612,261921483.417927,281329441.207376
236745166.875885,283474484.956663,261738974.266152,281498805.095499
236910736.156459,283664413.636560,261555611.134234,281668736.920803
237077352.449059,283854933.687969,261371392.737986,281839235.143671
237245034.645372,284046040.987605,261186317.789671,282010298.216825
237413802.642806,284237731.213091,261000384.998026,282181924.585303
237583677.413888,284429999.825068,260813593.068279,282354112.686446
237754681.081807,284622842.047325,260625940.702175,282526860.949884
237926837.002748,284816252.844703,260437426.597994,282700167.797516
238100169.855800,285010226.898471,260248049.450575,282874031.643497
238274705.741270,285204758.578826,260057807.951335,283048450.894220
238450472.288383,285399841.914132,259866700.788294,283223423.948301
238627498.773468,285595470.556433,259674726.646097,283398949.196561
238805816.249895,285791637.742693,259481884.206031,283575025.022012
238985457.691190,285988336.251156,259288172.146055,283751649.799839
239166458.148989,286185558.352083,259093589.140815,283928821.897386
239348854.927720,286383295.751997,258898133.861672,284106539.674136
239532687.778207,286581539.530433,258701804.976721,284284801.481697
239717999.112720,286780280.067980,258504601.150816,284463605.663787
239904834.244398,286979506.964190,258306521.045590,284642950.556213
240093241.654484,287179208.943650,258107563.319482,284822834.486859
240283273.291322,287379373.748170,257907726.627756,285003255.775669
240474984.905829,287579988.012643,257707009.622525,285184212.734628
240668436.428904,287781037.121602,257505410.952778,285365703.667746
240863692.397289,287982505.042894,257302929.264397,285547726.871043
241060822.435569,288184374.134066,257099563.200187,285730280.632533
241259901.803470,288386624.916110,256895311.399894,285913363.232204
241461012.019421,288589235.807932,256690172.500232,286096972.942005
241664241.573548,288792182.813341,256484145.134907,286281108.025827
241869686.745991,288995439.150335,256277227.934638,286465766.739487
242077452.549846,289198974.809832,256069419.527185,286650947.330711
242287653.822280,289402756.027632,255860718.537369,286836648.039119
242500416.492697,289606744.648964,255651123.587101,287022867.096205
242715879.063626,289810897.359157,255440633.295403,287209602.725324
242934194.348625,290015164.746208,255229246.278431,287396853.141671
243155531.522588,290219490.150627,255016961.149506,287584616.552267
243380078.554167,290423808.243838,254803776.519133,287772891.155944
243608045.108725,290628043.257038,254589690.995027,287961675.143322
243839666.034763,290832106.755629,254374703.182139,288150966.696798
244075205.579238,291035894.816616,254158811.682683,288340763.990527
244314962.520545,291239284.412771,253942015.096157,288531065.190403
244559276.466211,291442128.729896,253724312.019372,288721868.454047
244808535.641315,291644251.030003,253505701.046473,288913171.930784
245063186.601378,291845436.503827,253286180.768972,289104973.761630
245323746.451097,292045421.298911,253065749.775767,289297272.079276
245590818.353063,292243877.511056,252844406.653169,289490065.008066
245865111.387907,292440392.296401,252622149.984933,289683350.663984
246147466.201107,292634438.240346,252398978.352275,289877127.154636
246438888.356397,292825330.424173,252174890.333910,290071392.579235
246740591.886925,293012162.739789,251949884.506065,290266145.028577
247054056.031034,293193710.936036,251723959.442519,290461382.585033
247381097.970570,293368280.745780,251497113.714618,290657103.322526
247723961.674196,293533462.551692,251269345.891308,290853305.306514
248085411.895506,293685722.279173,251040654.539163,291049986.593976
248468785.218188,293819698.905296,250811038.222406,291247145.233393
248877832.187392,293926977.056136,250580495.502942,291444779.264731
249315823.905920,293993988.801494,250349024.940381,291642886.719421
249782395.971855,293998951.671275,250116625.092068,291841465.620349
250264814.082271,293910400.704471,249883294.513111,292040513.981832
250723787.570451,293699445.679086,249649031.756405,292240029.809602
251101762.227118,293375788.005598,249413835.372663,292440011.100792
251372996.321547,292991105.849744,249177703.910442,292640455.843916
251552605.957927,292590224.883856,248940635.916173,292841362.018852
251665382.076635,292194311.821310,248702629.934188,293042727.596826
251730963.143050,291810491.256982,248463684.506746,293244550.540393
251762693.855025,291440109.931607,248223798.174065,293446828.803423
251769427.996357,291082473.048458,247982969.474348,293649560.331077
251757131.779831,290736288.500128,247741196.943815,293852743.059799
251729934.835425,290400193.401558,247498479.116726,294056374.917290
251690777.995838,290072931.725188,247254814.525415,294260453.822498
251641812.339477,289753401.123055,247010201.700316,294464977.685595
251584649.745836,289440652.170697,246764639.169994,294669944.407963
251520524.228732,289133872.034544,246518125.461174,294875351.882174
251450398.570856,288832364.777954,246270659.098769,295081197.991977
251375036.596738,288535532.743554,246022238.605911,295287480.612277
251295053.313467,288242860.376947,245772862.503979,295494197.609119
251210950.448640,287953900.669628,245522529.312631,295701346.839669
251123142.133622,287668263.976253,245271237.549832,295908926.152201
251031973.796106,287385608.846453,245018985.731886,296116933.386074
250937736.282719,287105634.515159,244765772.373462,296325366.371721
250840676.571610,286828074.739435,244511595.987630,296534222.930625
250741006.007607,286552692.722450,244256455.085888,296743500.875307
250638906.710631,286279276.914295,244000348.178194,296953198.009305
250534536.618705,286007637.521195,243743273.772993,297163312.127162
250428033.497524,285737603.588878,243485230.377253,297373841.014400
250319518.158736,285469020.553171,243226216.496495,297584782.447513
250209097.065841,285201748.172593,242966230.634819,297796134.193941
250096864.461440,284935658.774759,242705271.294943,298007894.012058
249982904.116887,284670635.761850,242443336.978228,298220059.651152
249867290.781520,284406572.331031,242180426.184712,298432628.851409
249750091.390935,284143370.374054,241916537.413142,298645599.343898
249631366.080549,283880939.526969,241651669.161006,298858968.850547
249511169.040735,283619196.346139,241385819.924563,299072735.084133
249389549.242161,283358063.591022,241118988.198877,299286895.748261
249266551.054179,283097469.597585,240851172.477847,299501448.537348
249142214.774534,282837347.728967,240582371.254243,299716391.136604
249016577.085170,282577635.892258,240312583.019735,299931721.222018
248889671.446092,282318276.112063,240041806.264926,300147436.460338
248761528.437093,282059214.153035,239770039.479386,300363534.509055
248632176.055366,281800399.184769,239497281.151685,300580013.016385
248501639.975634,281541783.483468,239223529.769424,300796869.621253
248369943.778302,281283322.165638,238948783.819270,301014101.953277
248237109.150217,281024972.949768,238673041.786990,301231707.632746
248103156.061868,280766695.942511,238396302.157480,301449684.270608
247968102.924260,280508453.446420,238118563.414806,301668029.468452
247831966.728186,280250209.786653,237839824.042228,301886740.818488
247694763.168201,279991931.154446,237560082.522244,302105815.903533
247556506.753267,279733585.465441,237279337.336615,302325252.296992
247417210.905748,279475142.231186,236997586.966407,302545047.562843
247276888.050180,279216572.442380,236714829.892020,302765199.255618
247135549.693072,278957848.462564,236431064.593221,302985704.920387
246993206.494775,278698943.931181,236146289.549185,303206562.092741
246849868.334367,278439833.675002,235860503.238525,303427768.298774
246705544.368332,278180493.627068,235573704.139328,303649321.055070
246560243.083738,277920900.752404,235285890.729187,303871217.868679
246413972.346512,277661032.979814,234997061.485243,304093456.237108
246266739.445356,277400869.139177,234707214.884212,304316033.648297
246118551.131741,277140388.903713,234416349.402429,304538947.580608
245969413.656421,276879572.736753,234124463.515873,304762195.502805
245819332.802794,276618401.842594,233831555.700215,304985774.874038
245668313.917448,276356858.121060,233537624.430841,305209683.143825
245516361.938164,276094924.125447,233242668.182899,305433917.752039
245363481.419620,275832583.023543,232946685.431329,305658476.128887
245209676.557029,275569818.561459,232649674.650898,305883355.694895
245054951.207892,275306615.030024,232351634.316243,306108553.860892
244899308.912058,275042957.233536,232052562.901901,306334068.027994
244742752.910226,274778830.460663,231752458.882349,306559895.587584
244585286.161050,274514220.457325,231451320.732038,306786033.921299
244426911.356960,274249113.401384,231149146.925433,307012480.401012
244267630.938809,273983495.879013,230845935.937051,307239232.388816
244107447.109462,273717354.862597,230541686.241492,307466287.237007
243946361.846399,273450677.690059,230236396.313484,307693642.288068
243784376.913430,273183452.045489,229930064.627915,307921294.874652
243621493.871583,272915665.940985,229622689.659873,308149242.319567
243457714.089248,272647307.699615,229314269.884684,308377481.935757
243293038.751614,272378365.939412,229004803.777949,308606011.026290
243127468.869489,272108829.558334,228694289.815582,308834826.884338
242961005.287510,271838687.720108,228382726.473851,309063926.793162
242793648.691829,271567929.840909,228070112.229411,309293308.026095
242625399.617287,271296545.576800,227756445.559348,309522967.846529
242456258.454134,271024524.811900,227441724.941215,309752903.507895
242286225.454316,270751857.647200,227125948.853070,309983112.253649
242115300.737362,270478534.390018,226809115.773517,310213591.317255
241943484.295914,270204545.544023,226491224.181745,310444337.922172
241770776.000906,269929881.799800,226172272.557566,310675349.281834
241597175.606429,269654534.025922,225852259.381456,310906622.599635
241422682.754302,269378493.260495,225531183.134591,311138155.068916
241247296.978369,269101750.703142,225209042.298892,311369943.872946
241071017.708537,268824297.707404,224885835.357063,311601986.184909
240893844.274580,268546125.773523,224561560.792626,311834279.167885
240715775.909718,268267226.541592,224236217.089970,312066819.974837
240536811.753990,267987591.785049,223909802.734384,312299605.748595
240356950.857428,267707213.404483,223582316.212102,312532633.621841
240176192.183056,267426083.421746,223253756.010340,312765900.717089
239994534.609716,267144193.974350,222924120.617341,312999404.146678
239811976.934736,266861537.310120,222593408.522412,313233141.012747
239628517.876441,266578105.782108,222261618.215966,313467108.407229
239444156.076539,266293891.843738,221928748.189565,313701303.411828
239258890.102359,266008888.044173,221594796.935961,313935723.098007
239072718.448977,265723087.023888,221259762.949135,314170364.526974
238885639.541220,265436481.510450,220923644.724342,314405224.749666
238697651.735563,265149064.314472,220586440.758151,314640300.806731
238508753.321920,264860828.325753,220248149.548486,314875589.728519
238318942.525340,264571766.509583,219908769.594671,315111088.535060
238128217.507614,264281871.903195,219568299.397470,315346794.236055
237936576.368789,263991137.612382,219226737.459130,315582703.830859
237744017.148606,263699556.808241,218884082.283425,315818814.308465
237550537.827856,263407122.724054,218540332.375696,316055122.647490
237356136.329670,263113828.652303,218195486.242897,316291625.816162
237160810.520731,262819667.941789,217849542.393634,316528320.772303
236964558.212431,262524633.994880,217502499.338214,316765204.463318
236767377.161952,262228720.264856,217154355.588683,317002273.826174
236569265.073306,261931920.253357,216805109.658870,317239525.787393
236370219.598302,261634227.507936,216454760.064437,317476957.263034
236170238.337472,261335635.619690,216103305.322914,317714565.158679
235969318.840941,261036138.220991,215750743.953748,317952346.369417
235767458.609253,260735728.983292,215397074.478346,318190297.779835
235564655.094146,260434401.615012,215042295.420122,318428416.263999
235360905.699289,260132149.859502,214686405.304536,318666698.685442
235156207.780977,259828967.493073,214329402.659143,318905141.897150
234950558.648781,259524848.323099,213971286.013634,319143742.741548
234743955.566171,259219786.186181,213612053.899888,319382498.050487
234536395.751092,258913774.946370,213251704.852007,319621404.645229
234327876.376517,258606808.493456,212890237.406370,319860459.336433
234118394.570955,258298880.741303,212527650.101674,320099658.924145
233907947.418938,257989985.626240,212163941.478979,320339000.197779
233696531.961474,257680117.105510,211799110.081758,320578479.936109
233484145.196472,257369269.155753,211433154.455937,320818094.907252
233270784.079139,257057435.771546,211066073.149946,321057841.868656
233056445.522350,256744610.963981,210697864.714762,321297717.567088
232841126.396996,256430788.759286,210328527.703958,321537718.738617
232624823.532305,256115963.197486,209958060.673746,321777842.108608
232407533.716138,255800128.331101,209586462.183026,322018084.391702
232189253.695269,255483278.223880,209213730.793434,322258442.291807
231969980.175638,255165406.949569,208839865.069385,322498912.502083
231749709.822583,254846508.590711,208464863.578125,322739491.704932
231528439.261054,254526577.237483,208088724.889774,322980176.571986
231306165.075810,254205606.986549,207711447.577375,323220963.764088
231082883.811593,253883591.939961,207333030.216942,323461849.931288
230858591.973285,253560526.204066,206953471.387509,323702831.712825
230633286.026051,253236403.888457,206572769.671174,323943905.737118
230406962.395459,252911219.104936,206190923.653150,324185068.621751
230179617.467590,252584965.966508,205807931.921814,324426316.973465
229951247.589130,252257638.586389,205423793.068753,324667647.388141
229721849.067442,251929231.077049,205038505.688814,324909056.450792
229491418.170632,251599737.549260,204652068.380151,325150540.735551
229259951.127595,251269152.111173,204264479.744276,325392096.805655
229027444.128044,250937468.867409,203875738.386108,325633721.213440
228793893.322535,250604681.918173,203485842.914020,325875410.500325
228559294.822466,250270785.358377,203094791.939890,326117161.196802
228323644.700078,249935773.276784,202702584.079150,326358969.822426
228086938.988425,249599639.755165,202309217.950835,326600832.885800
227849173.681353,249262378.867474,201914692.177636,326842746.884568
227610344.733446,248923984.679030,201519005.385946,327084708.305403
227370448.059975,248584451.245718,201122156.205910,327326713.623994
227129479.536828,248243772.613199,200724143.271479,327568759.305037
226887435.000433,247901942.816134,200324965.220459,327810841.802226
226644310.247667,247558955.877415,199924620.694560,328052957.558239
226400101.035752,247214805.807412,199523108.339446,328295103.004729
226154803.082145,246869486.603224,199120426.804792,328537274.562315
225908412.064419,246522992.247943,198716574.744326,328779468.640570
225660923.620122,246175316.709928,198311550.815889,329021681.638012
225412333.346641,245826453.942082,197905353.681480,329263909.942092
225162636.801044,245476397.881141,197497982.007311,329506149.929187
224911829.499919,245125142.446969,197089434.463858,329748397.964589
224659906.919201,244772681.541861,196679709.725912,329990650.402494
224406864.493985,244419009.049848,196268806.472633,330232903.585995
224152697.618337,244064118.836016,195856723.387599,330475153.847069
223897401.645093,243708004.745819,195443459.158862,330717397.506572
223640971.885641,243350660.604409,195029012.478997,330959630.874227
223383403.609704,242992080.215963,194613382.045160,331201850.248616
223124692.045112,242632257.363017,194196566.559134,331444051.917168
222864832.377554,242271185.805800,193778564.727387,331686232.156155
222603819.750336,241908859.281582,193359375.261123,331928387.230682
222341649.264118,241545271.504009,192938996.876337,332170513.394675
222078315.976651,241180416.162458,192517428.293866,332412606.890877
221813814.902493,240814286.921379,192094668.239446,332654663.950836
221548141.012730,240446877.419650,191670715.443762,332896680.794898
221281289.234678,240078181.269931,191245568.642505,333138653.632201
221013254.451576,239708192.058014,190819226.576426,333380578.660664
220744031.502277,239336903.342183,190391687.991388,333622452.066981
220473615.180922,238964308.652569,189962951.638423,333864270.026613
220202000.236612,238590401.490503,189533016.273784,334106028.703779
219929181.373061,238215175.327880,189101880.659003,334347724.251451
219655153.248253,237838623.606509,188669543.560943,334589352.811343
219379910.474074,237460739.737475,188236003.751856,334830910.513910
219103447.615954,237081517.100492,187801260.009435,335072393.478334
218825759.192477,236700949.043257,187365311.116872,335313797.812521
218546839.675004,236319028.880808,186928155.862913,335555119.613094
218266683.487268,235935749.894871,186489793.041914,335796354.965385
217985285.004974,235551105.333214,186050221.453894,336037499.943430
217702638.555377,235165088.408994,185609439.904596,336278550.609962
217418738.416861,234777692.300104,185167447.205541,336519503.016404
217133578.818501,234388910.148513,184724242.174081,336760353.202864
216847153.939620,233998735.059614,184279823.633462,337001097.198129
216559457.909331,233607160.101553,183834190.412877,337241731.019659
216270484.806072,233214178.304569,183387341.347522,337482250.673581
215980228.657134,232819782.660323,182939275.278656,337722652.154682
215688683.438173,232423966.121223,182489991.053655,337962931.446410
215395843.072713,232026721.599749,182039487.526072,338203084.520860
215101701.431644,231628041.967770,181587763.555694,338443107.338776
214806252.332699,231227920.055858,181134818.008599,338682995.849541
214509489.539933,230826348.652594,180680649.757214,338922745.991176
214211406.763178,230423320.503877,180225257.680373,339162353.690335
213911997.657501,230018828.312215,179768640.663374,339401814.862297
213611255.822635,229612864.736023,179310797.598042,339641125.410966
213309174.802415,229205422.388907,178851727.382782,339880281.228865
213005748.084189,228796493.838944,178391428.922640,340119278.197132
212700969.098226,228386071.607956,177929901.129361,340358112.185518
212394831.217109,227974148.170776,177467142.921450,340596779.052378
212087327.755116,227560715.954509,177003153.224229,340835274.644676
211778451.967587,227145767.337787,176537930.969898,341073594.797973
211468197.050286,226729294.650009,176071475.097593,341311735.336430
211156556.138741,226311290.170581,175603784.553445,341549692.072803
210843522.307574,225891746.128146,175134858.290643,341787460.808439
210529088.569826,225470654.699805,174664695.269491,342025037.333275
210213247.876256,225048008.010324,174193294.457468,342262417.425834
209895993.114636,224623798.131348,173720654.829292,342499596.853226
209577317.109031,224198017.080582,173246775.366974,342736571.371140
209257212.619057,223770656.820987,172771655.059886,342973336.723849
208935672.339139,223341709.259946,172295292.904814,343209888.644202
208612688.897741,222911166.248437,171817687.906027,343446222.853626
208288254.856593,222479019.580178,171338839.075332,343682335.062125
207962362.709889,222045260.990779,170858745.432137,343918220.968273
207635004.883488,221609882.156867,170377406.003513,344153876.259223
207306173.734081,221172874.695214,169894819.824254,344389296.610697
206975861.548356,220734230.161842,169410985.936942,344624477.686988
206644060.542142,220293940.051121,168925903.392004,344859415.140962
206310762.859530,219851995.794855,168439571.247779,345094104.614054
205975960.571993,219408388.761356,167951988.570577,345328541.736272
205639645.677472,218963110.254498,167463154.434741,345562722.126191
205301810.099456,218516151.512769,166973067.922712,345796641.390959
204962445.686037,218067503.708299,166481728.125089,346030295.126295
204621544.208954,217617157.945882,165989134.140695,346263678.916488
204279097.362614,217165105.261974,165495285.076636,346496788.334401
203935096.763091,216711336.623687,165000180.048366,346729618.941469
203589533.947115,216255842.927760,164503818.179752,346962166.287703
203242400.371030,215798614.999517,164006198.603134,347194425.911688
202893687.409743,215339643.591809,163507320.459392,347426393.340588
202543386.355645,214878919.383937,163007182.898007,347658064.090143
202191488.417510,214416432.980563,162505785.077126,347889433.664678
201837984.719381,213952174.910601,162003126.163626,348120497.557097
201482866.299426,213486135.626087,161499205.333177,348351251.248893
201126124.108774,213018305.501036,160994021.770311,348581690.210144
200767749.010328,212548674.830277,160487574.668479,348811809.899519
200407731.777556,212077233.828269,159979863.230122,349041605.764281
200046063.093259,211603972.627900,159470886.666733,349271073.240291
199682733.548306,211128881.279262,158960644.198921,349500207.752007
199317733.640357,210651949.748408,158449135.056481,349729004.712492
198951053.772552,210173167.916084,157936358.478452,349957459.523416
198582684.252171,209692525.576447,157422313.713188,350185567.575060
198212615.289279,209210012.435749,156907000.018423,350413324.246322
197840836.995328,208725618.111008,156390416.661332,350640724.904716
197467339.381748,208239332.128653,155872562.918604,350867764.906383
197092112.358491,207751143.923142,155353438.076504,351094439.596093
196715145.732561,207261042.835554,154833041.430936,351320744.307249
196336429.206504,206769018.112165,154311372.287518,351546674.361894
195955952.376873,206275058.902986,153788429.961641,351772225.070716
195573704.732655,205779154.260281,153264213.778536,351997391.733052
195189675.653673,205281293.137058,152738723.073348,352222169.636896
194803854.408950,204781464.385528,152211957.191192,352446554.058907
194416230.155039,204279656.755539,151683915.487231,352670540.264408
194026791.934316,203775858.892975,151154597.326734,352894123.507402
193635528.673247,203270059.338132,150624002.085150,353117299.030571
193242429.180606,202762246.524059,150092129.148173,353340062.065288
192847482.145661,202252408.774863,149558977.911807,353562407.831621
192450676.136323,201740534.303989,149024547.782440,353784331.538344
192051999.597251,201226611.212461,148488838.176906,354005828.382939
191651440.847920,200710627.487088,147951848.522557,354226893.551612
191248988.080645,200192570.998640,147413578.257329,354447522.219293
190844629.358565,199672429.499981,146874026.829811,354667709.549651
190438352.613578,199150190.624167,146333193.699316,354887450.695097
190030145.644237,198625841.882509,145791078.335944,355106740.796799
189619996.113594,198099370.662588,145247680.220657,355325574.984684
189207891.547002,197570764.226242,144702998.845344,355543948.377455
188793819.329863,197040009.707497,144157033.712893,355761856.082594
188377766.705329,196507094.110468,143609784.337257,355979293.196375
187959720.771952,195972004.307207,143061250.243526,356196254.803876
187539668.481278,195434727.035511,142511430.967995,356412735.978983
187117596.635389,194895248.896682,141960326.058236,356628731.784409
186693491.884388,194353556.353238,141407935.073165,356844237.271698
186267340.723830,193809635.726579,140854257.583113,357059247.481239
185839129.492087,193263473.194596,140299293.169897,357273757.442277
185408844.367659,192715054.789235,139743041.426890,357487762.172924
184976471.366420,192164366.394007,139185501.959090,357701256.680173
184541996.338798,191611393.741435,138626674.383193,357914235.959907
184105404.966894,191056122.410458,138066558.327660,358126694.996913
183666682.761526,190498537.823765,137505153.432792,358338628.764895
183225815.059210,189938625.245077,136942459.350800,358550032.226485
182782787.019065,189376369.776366,136378475.745871,358760900.333260
182337583.619646,188811756.355008,135813202.294249,358971228.025749
181890189.655698,188244769.750876,135246638.684296,359181010.233455
181440589.734833,187675394.563362,134678784.616570,359390241.874861
180988768.274131,187103615.218333,134109639.803896,359598917.857449
180534709.496647,186529415.965014,133539203.971435,359807033.077713
180078397.427846,185952780.872804,132967476.856759,360014582.421173
179619815.891933,185373693.828005,132394458.209920,360221560.762393
179158948.508110,184792138.530490,131820147.793525,360427962.964991
178695778.686725,184208098.490274,131244545.382807,360633783.881659
178230289.625332,183621557.024019,130667650.765697,360839018.354180
177762464.304647,183032497.251444,130089463.742898,361043661.213436
177292285.484405,182440902.091651,129509984.127956,361247707.279436
176819735.699107,181846754.259361,128929211.747333,361451151.361321
176344797.253661,181250036.261062,128347146.440484,361653988.257391
175867452.218909,180650730.391051,127763788.059922,361856212.755116
175387682.427035,180048818.727391,127179136.471299,362057819.631153
174905469.466853,179444283.127754,126593191.553476,362258803.651370
174420794.678979,178837105.225169,126005953.198595,362459159.570856
173933639.150861,178227266.423654,125417421.312157,362658882.133948
173443983.711688,177614747.893743,124827595.813090,362857966.074240
172951808.927156,176999530.567895,124236476.633829,363056406.114611
172457095.094093,176381595.135785,123644063.720386,363254196.967237
171959822.234942,175760922.039467,123050357.032422,363451333.333617
171459970.092089,175137491.468422,122455356.543329,363647809.904587
170957518.122034,174511283.354460,121859062.240296,363843621.360343
170452445.489405,173882277.366503,121261474.124388,364038762.370461
169944731.060799,173250452.905210,120662592.210621,364233227.593919
169434353.398457,172615789.097476,120062416.528033,364427011.679115
168921290.753752,171978264.790766,119460947.119763,364620109.263891
168405521.060499,171337858.547305,118858184.043123,364812514.975553
167887021.928069,170694548.638101,118254127.369675,365004223.430894
167365770.634308,170048313.036808,117648777.185303,365195229.236216
166841744.118245,169399129.413415,117042133.590295,365385526.987352
166314918.972591,168746975.127757,116434196.699409,365575111.269687
165785271.436018,168091827.222843,115824966.641958,365763976.658187
165252777.385205,167433662.417999,115214443.561878,365952117.717416
164717412.326650,166772457.101806,114602627.617808,366139529.001562
164179151.388237,166108187.324839,113989518.983165,366326205.054465
163637969.310541,165440828.792197,113375117.846220,366512140.409632
163093840.437879,164770356.855805,112759424.410174,366697329.590274
162546738.709074,164096746.506502,112142438.893232,366881767.109320
161996637.647946,163419972.365883,111524161.528684,367065447.469450
161443510.353494,162740008.677902,110904592.564979,367248365.163114
160887329.489780,162056829.300217,110283732.265797,367430514.672565
160328067.275492,161370407.695280,109661580.910136,367611890.469881
159765695.473166,160680716.921148,109038138.792379,367792487.016991
159200185.378076,159987729.622011,108413406.222374,367972298.765706
158631507.806754,159291418.018425,107787383.525514,368151320.157742
158059633.085141,158591753.897247,107160071.042810,368329545.624750
157484531.036347,157888708.601239,106531469.130971,368506969.588344
156906170.968013,157182253.018355,105901578.162476,368683586.460127
156324521.659238,156472357.570672,105270398.525661,368859390.641723
155739551.347084,155758992.202975,104637930.624788,369034376.524804
155151227.712610,155042126.370964,104004174.880123,369208538.491118
154559517.866440,154321729.029072,103369131.728020,369381870.912524
153964388.333826,153597768.617887,102732801.620992,369554368.151013
153365805.039201,152870213.051147,102095185.027793,369726024.558747
152763733.290185,152139029.702307,101456282.433495,369896834.478086
152158137.761035,151404185.390639,100816094.339562,370066792.241618
151548982.475500,150665646.366867,100174621.263936,370235892.172193
150936230.789066,149923378.298303,99531863.741109,370404128.582950
150319845.370556,149177346.253466,98887822.322203,370571495.777357
149699788.183066,148427514.686162,98242497.575049,370737988.049235
149076020.464194,147673847.419003,97595890.084264,370903599.682796
148448502.705537,146916307.626338,96948000.451333,371068324.952673
147817194.631429,146154857.816570,96298829.294682,371232158.123958
147182055.176862,145389459.813832,95648377.249764,371395093.452231
146543042.464585,144620074.738990,94996644.969131,371557125.183594
145900113.781308,143846662.989948,94343633.122517,371718247.554711
145253225.552997,143069184.221220,93689342.396916,371878454.792838
144602333.319191,142287597.322733,93033773.496659,372037741.115859
143947391.706319,141501860.397822,92376927.143499,372196100.732324
143288354.399941,140711930.740389,91718804.076682,372353527.841481
142625174.115884,139917764.811179,91059405.053034,372510016.633316
141957802.570203,139119318.213126,90398730.847035,372665561.288589
141286190.447912,138316545.665735,89736782.250903,372820155.978869
140610287.370419,137509400.978441,89073560.074667,372973794.866575
139930041.861607,136697837.022901,88409065.146256,373126472.105009
139245401.312482,135881805.704165,87743298.311569,373278181.838398
138556311.944316,135061257.930666,87076260.434561,373428918.201934
137862718.770203,134236143.582971,86407952.397322,373578675.321806
137164565.554949,133406411.481227,85738375.100154,373727447.315249
136461794.773197,132572009.351238,85067529.461656,373875228.290574
135754347.565702,131732883.789092,84395416.418797,374022012.347215
135042163.693639,130888980.224276,83722036.927004,374167793.575767
134325181.490850,130040242.881176,83047391.960236,374312566.058028
133603337.813900,129186614.738896,82371482.511066,374456323.867037
132876567.989830,128328037.489285,81694309.590765,374599061.067120
132144805.761460,127464451.493094,81015874.229377,374740771.713929
131407983.230114,126595795.734128,80336177.475802,374881449.854485
130666030.795603,125722007.771308,79655220.397876,375021089.527223
129918877.093314,124843023.688508,78973004.082452,375159684.762033
129166448.928217,123958778.042038,78289529.635481,375297229.580302
128408671.205616,123069203.805640,77604798.182092,375433717.994963
127645466.858434,122174232.312848,76918810.866670,375569144.010535
126876756.770821,121273793.196545,76231568.852943,375703501.623169
126102459.697853,120367814.325567,75543073.324058,375836784.820694
125322492.181066,119456221.738143,74853325.482663,375968987.582663
124536768.459566,118538939.572003,74162326.550988,376100103.880396
123745200.376417,117615889.990927,73470077.770926,376230127.677031
122947697.280001,116686993.107510,72776580.404114,376359052.927567
122144165.920007,115752166.901906,72081835.732014,376486873.578912
121334510.337688,114811327.136278,71385845.055995,376613583.569933
120518631.749996,113864387.264677,70688609.697413,376739176.831502
119696428.427155,112911258.338044,69990130.997691,376863647.286542
118867795.563222,111951848.903998,69290410.318404,376986988.850083
118032625.139136,110986064.901055,68589449.041356,377109195.429304
117190805.777691,110013809.546888,67887248.568665,377230260.923586
116342222.589865,109034983.220212,67183810.322840,377350179.224564
115486757.011842,108049483.335823,66479135.746867,377468944.216172
114624286.632032,107057204.212316,65773226.304288,377586549.774700
113754685.007320,106058036.931921,65066083.479283,377702989.768842
112877821.467707,105051869.191876,64357708.776749,377818258.059748
111993560.908429,104038585.146703,63648103.722385,377932348.501078
111101763.568540,103018065.240673,62937269.862774,378045254.939052
110202284.794876,101990186.029704,62225208.765458,378156971.212506
109294974.790178,100954819.991850,61511922.019029,378267491.152944
108379678.344048,99911835.325459,60797411.233203,378376808.584591
107456234.545284,98861095.734005,60081678.038904,378484917.324450
106524476.473968,97802460.196466,59364724.088347,378591811.182355
105584230.871533,96735782.722049,58646551.055118,378697483.961026
104635317.786839,95660912.087900,57927160.634256,378801929.456126
103677550.196070,94577691.558335,57206554.542335,378905141.456317
102710733.594027,93485958.583927,56484734.517546,379007113.743316
101734665.554130,92385544.478655,55761702.319776,379107840.091951
100749135.254118,91276274.073086,55037459.730694,379207314.270222
99753922.964102,90157965.341352,54312008.553829,379305530.039354
98748799.493230,89030428.999430,53585350.614654,379402481.153861
97733525.590757,87893468.071936,52857487.760665,379498161.361598
96707851.296821,86746877.424334,52128421.861466,379592564.403828
95671515.237626,85590443.257060,51398154.808850,379685684.015276
94624243.859047,84423942.557669,50666688.516876,379777513.924191
93565750.591926,83247142.506591,49934024.921960,379868047.852408
92495734.941386,82059799.831553,49200165.982945,379957279.515405
91413881.491499,80861660.105050,48465113.681194,380045202.622371
90319858.815415,79652456.978529,47728870.020664,380131810.876261
89213318.279646,78431911.346085,46991437.027989,380217097.973865
88093892.729610,77199730.429436,46252816.752566,380301057.605865
86961195.041563,75955606.774847,45513011.266630,380383683.456903
85814816.523847,74699217.151230,44772022.665341,380464969.205641
84654325.147693,73430221.337134,44029853.066863,380544908.524830
83479263.584681,72148260.782397,43286504.612445,380623495.081371
82289147.024219,70852957.128058,42541979.466505,380700722.536380
81083460.739931,69543910.565482,41796279.816711,380776584.545258
79861657.368479,68220698.012528,41049407.874058,380851074.757752
78623153.857910,66882871.080854,40301365.872958,380924186.818024
77367328.034770,65529953.803940,39552156.071311,380995914.364720
76093514.729753,64161440.090038,38801780.750598,381066251.031035
74801001.389998,62776790.857608,38050242.215950,381135190.444781
73489023.091838,61375430.802860,37297542.796241,381202726.228458
72156756.850118,59956744.739118,36543684.844161,381268851.999320
70803315.098098,58520073.435642,35788670.736301,381333561.369448
69427738.184342,57064708.868457,35032502.873233,381396847.945816
68028985.698033,55589888.776931,34275183.679593,381458705.330367
66605926.389709,54094790.396145,33516715.604158,381519127.120076
65157326.397376,52578523.205092,32757101.119932,381578106.907030
63681835.414139,51040120.492304,31996342.724224,381635638.278496
62177970.337045,49478529.491017,31234442.938732,381691714.816990
60644095.809559,47892599.771522,30471404.309617,381746330.100358
59078400.900343,46281069.493630,29707229.407594,381799477.701843
57478870.931809,44642549.009554,28941920.828004,381851151.190161
55843253.158666,42975501.156173,28175481.190898,381901344.129575
54169014.562401,41278217.369457,27407913.141121,381950050.079972
52453289.416464,39548788.469300,26639219.348388,381997262.596936
50692813.402374,37785068.564157,25869402.507364,382042975.231823
48883839.782229,35984629.956533,25098465.337749,382087181.531843
47022031.236945,34144706.105604,24326410.584357,382129875.040129
45102318.094161,32262118.481744,23553241.017193,382171049.295822
43118709.165470,30333181.297337,22778959.431536,382210697.834143
41064034.175489,28353575.223294,22003568.648022,382248814.186476
38929584.747889,26318176.603842,21227071.512717,382285391.880444
36704600.187153,24220821.089137,20449470.897204,382320424.439990
34375506.933825,22053967.585175,19670769.698659,382353905.385455
31924749.617431,19808205.108794,18890970.839932,382385828.233661
29328908.171693,17471501.237539,18110077.269628,382416186.497993
26555482.290311,15028003.131677,17328091.962183,382444973.688474
23556971.575216,12456014.179639,16545017.917949,382472183.311855
20258827.824120,9724332.934914,15760858.163270,382497808.871693
16531221.159963,6785040.902305,14975615.750560,382521843.868435
12106998.338876,3558028.781203,14189293.758387,382544281.799502
6234642.550578,-97032.489405,13401895.291548,382565116.159374
-5817882.135556,-3660723.042068,12613423.481153,382584340.439672
